11011010000000101001001110000011111
01100100011111001110111001000010011
00110011010000011000011000000000010
01010101101110000011011011001001101
10110111001100010011010011101100011
10011001110110110010110010101001101
01011011100110111001100010101000010
01010100101001011110001011111011110
10011110010001011000111011010010111
11000101101001110011001000101101011
10110001011101101000100000000010011
01001000100110011000000010100101010
00010010010111010010000100101111110
11101101111100011001101110011100001
01111101110011000101010000000100101
10111100010010111010011010100001001
01010100101001000110011010010110111
11000011011101101000100101110101110
10011101100100000100110101010110001
01001101101001111110010111111101000
00001100110010011011011100011001011
01111000101110111010100100101000111
11101111000010000010100110000011100
10011111101100010010101110100011010
11011101111001010110101011110000010
01110111110110010110011000011100110
00110100010000110010000100000010011
10001010111100011011000101000011110
11011101111101000100011000010011111
10001100011001100001100100011011110
01101011100100110001001100000100011
11000111001010100000111010110000010
00000110001010001011010100100110000
11101100000111100110010001100001000
00101101010111101001111111000101010
